2 0 0
-2 0 0
0 20 0
0 20 0
-2 0 0
0 0 35
0 0 35
-2 0 0
0 20 17.5
0 20 17.5
-2 0 0
-1.8 2 0
-1.8 2 0
-2 0 0
0 20 0
2 0 0
2 0 0
-1.6 4 0
2 0 0
0 20 0
-1.4 6 0
-1.6 4 0
0 20 0
-1.2 8 0
-1.4 6 0
0 20 0
-1 10 0
-1.2 8 0
0 20 0
-0.8 12 0
-1 10 0
0 20 0
-0.6 14 0
-0.8 12 0
0 20 0
-0.4 16 0
-0.6 14 0
0 20 0
-0.2 18 0
-0.4 16 0
0 20 0
-1.88235 0 2.05882
-0.2 18 0
0 20 0
0 0 35
-1.88235 0 2.05882
0 20 0
-1.76471 0 4.11765
2 0 0
0 0 35
-1.64706 0 6.17647
-1.76471 0 4.11765
0 0 35
-1.52941 0 8.23529
-1.64706 0 6.17647
0 0 35
-1.41176 0 10.2941
-1.52941 0 8.23529
0 0 35
-1.29412 0 12.3529
-1.41176 0 10.2941
0 0 35
-1.17647 0 14.4118
-1.29412 0 12.3529
0 0 35
-1.05882 0 16.4706
-1.17647 0 14.4118
0 0 35
-0.941176 0 18.5294
-1.05882 0 16.4706
0 0 35
-0.823529 0 20.5882
-0.941176 0 18.5294
0 0 35
-0.705882 0 22.6471
-0.823529 0 20.5882
0 0 35
-0.588235 0 24.7059
-0.705882 0 22.6471
0 0 35
-0.470588 0 26.7647
-0.588235 0 24.7059
0 0 35
-0.352941 0 28.8235
-0.470588 0 26.7647
0 0 35
-0.235294 0 30.8824
-0.352941 0 28.8235
0 0 35
-0.117647 0 32.9412
-0.235294 0 30.8824
0 0 35
1.8 2 0
-0.117647 0 32.9412
0 0 35
0 20 17.5
1.8 2 0
0 0 35
1.6 4 0
0 20 0
0 20 17.5
1.4 6 0
1.6 4 0
0 20 17.5
1.2 8 0
1.4 6 0
0 20 17.5
1 10 0
1.2 8 0
0 20 17.5
0.8 12 0
1 10 0
0 20 17.5
0.6 14 0
0.8 12 0
0 20 17.5
0.4 16 0
0.6 14 0
0 20 17.5
0.2 18 0
0.4 16 0
0 20 17.5
1.88235 0 2.05882
0.2 18 0
0 20 17.5
0 0 35
1.88235 0 2.05882
0 20 17.5
1.76471 0 4.11765
0 20 0
-1.8 2 0
1.64706 0 6.17647
1.76471 0 4.11765
-1.8 2 0
1.52941 0 8.23529
1.64706 0 6.17647
-1.8 2 0
1.41176 0 10.2941
1.52941 0 8.23529
-1.8 2 0
1.29412 0 12.3529
1.41176 0 10.2941
-1.8 2 0
1.17647 0 14.4118
1.29412 0 12.3529
-1.8 2 0
1.05882 0 16.4706
1.17647 0 14.4118
-1.8 2 0
0.941176 0 18.5294
1.05882 0 16.4706
-1.8 2 0
0.823529 0 20.5882
0.941176 0 18.5294
-1.8 2 0
0.705882 0 22.6471
0.823529 0 20.5882
-1.8 2 0
0.588235 0 24.7059
0.705882 0 22.6471
-1.8 2 0
0.470588 0 26.7647
0.588235 0 24.7059
-1.8 2 0
0.352941 0 28.8235
0.470588 0 26.7647
-1.8 2 0
0.235294 0 30.8824
0.352941 0 28.8235
-1.8 2 0
0.117647 0 32.9412
0.235294 0 30.8824
-1.8 2 0
0 20 2.1875
0.117647 0 32.9412
-1.8 2 0
0 20 17.5
0 20 2.1875
-1.8 2 0
0 20 4.375
0 0 35
-1.6 4 0
0 20 6.5625
0 20 4.375
-1.6 4 0
0 20 8.75
0 20 6.5625
-1.6 4 0
0 20 10.9375
0 20 8.75
-1.6 4 0
0 20 13.125
0 20 10.9375
-1.6 4 0
0 20 15.3125
0 20 13.125
-1.6 4 0
0 18.4615 18.8462
0 20 15.3125
-1.6 4 0
-1.8 2 0
0 18.4615 18.8462
-1.6 4 0
0 16.9231 20.1923
-1.8 2 0
-1.4 6 0
0 15.3846 21.5385
0 16.9231 20.1923
-1.4 6 0
0 13.8462 22.8846
0 15.3846 21.5385
-1.4 6 0
0 12.3077 24.2308
0 13.8462 22.8846
-1.4 6 0
0 10.7692 25.5769
0 12.3077 24.2308
-1.4 6 0
0 9.23077 26.9231
0 10.7692 25.5769
-1.4 6 0
0 7.69231 28.2692
0 9.23077 26.9231
-1.4 6 0
0 6.15385 29.6154
0 7.69231 28.2692
-1.4 6 0
0 4.61538 30.9615
0 6.15385 29.6154
-1.4 6 0
0 3.07692 32.3077
0 4.61538 30.9615
-1.4 6 0
0 1.53846 33.6538
0 3.07692 32.3077
-1.4 6 0
-0.469641 8.29509 16.6109
0 1.53846 33.6538
-1.4 6 0
0 20 17.5
-0.469641 8.29509 16.6109
-1.4 6 0
1.8 2 0
0 20 17.5
-0.469641 8.29509 16.6109
2 0 0
-1.76471 0 4.11765
-0.264219 12.9831 14.7382
2 0 0
-0.264219 12.9831 14.7382
-1.6 4 0
0 20 10.9375
-0.548984 3.3857 21.4514
0 20 13.125
0 7.69231 28.2692
0 9.23077 26.9231
-0.128682 6.823 26.1949
0 4.61538 30.9615
0 6.15385 29.6154
-0.0856196 12.061 21.8101
-0.626903 12.6786 3.43613
-0.286016 5.19722 24.5685
-0.0267927 17.8688 16.9304
-1.8 2 0
0 18.4615 18.8462
-0.85258 6.90392 10.1062
-1.8 2 0
-0.85258 6.90392 10.1062
0 16.9231 20.1923
-0.2 18 0
-0.319483 1.24872 28.1303
-1.88235 0 2.05882
0 7.69231 28.2692
-0.0970597 5.91192 27.7721
0 6.15385 29.6154
0 3.07692 32.3077
0 4.61538 30.9615
-0.0470434 15.2192 19.5495
0 3.07692 32.3077
-0.0470434 15.2192 19.5495
-0.0704926 15.8239 17.5833
-0.128682 6.823 26.1949
-0.0970597 5.91192 27.7721
0 7.69231 28.2692
-0.0856196 12.061 21.8101
-0.0470434 15.2192 19.5495
0 4.61538 30.9615
-0.0856196 12.061 21.8101
-0.105402 2.75065 30.6016
-0.0470434 15.2192 19.5495
0 15.3846 21.5385
-0.224007 8.25684 22.477
0 13.8462 22.8846
-0.0970597 5.91192 27.7721
-0.0856196 12.061 21.8101
0 6.15385 29.6154
-0.105402 2.75065 30.6016
-0.0970597 5.91192 27.7721
-0.21368 4.70011 26.5736
-0.0970597 5.91192 27.7721
-0.105402 2.75065 30.6016
-0.0856196 12.061 21.8101
0 10.7692 25.5769
0 12.3077 24.2308
-0.334848 16.2849 2.04787
-0.352941 0 28.8235
-0.235294 0 30.8824
-0.122486 4.30359 28.797
0 3.07692 32.3077
-0.0704926 15.8239 17.5833
0 1.53846 33.6538
-0.52268 9.47062 13.4527
-0.858515 4.11341 14.4317
-0.672524 6.04602 15.3909
-0.818538 6.31995 11.8368
-0.678484 9.34704 9.7389
-1.26015 3.23229 7.99365
-0.61111 5.78271 17.0708
-0.678484 9.34704 9.7389
-0.175226 14.9818 14.247
-0.818538 6.31995 11.8368
-1.05963 6.2253 6.81904
-0.7302 10.5217 5.92242
-0.462143 11.7992 10.7701
-0.188641 12.3472 18.2318
-0.603602 12.3181 5.1897
-0.462143 11.7992 10.7701
-0.168458 15.8869 12.4576
-0.570945 11.9891 7.04142
-0.7302 10.5217 5.92242
-1.05963 6.2253 6.81904
-0.286775 13.5688 12.8145
-0.544608 5.42245 18.9522
-0.444372 12.9707 8.69939
-0.311157 14.1501 10.5878
-0.295536 10.7076 17.4792
-0.906437 9.17583 4.385
-0.429393 13.9117 6.72778
-0.168458 15.8869 12.4576
-0.103134 8.7233 24.8642
-0.452883 7.28854 18.4249
-0.818538 6.31995 11.8368
-1.29392 1.97743 9.38385
-0.678484 9.34704 9.7389
-0.672524 6.04602 15.3909
-0.858515 4.11341 14.4317
-1.04586 5.4492 8.50228
-0.52268 9.47062 13.4527
-1.28933 3.8306 6.41222
-0.858515 4.11341 14.4317
-0.752286 11.1697 3.73515
-0.858515 4.11341 14.4317
-1.28933 3.8306 6.41222
-0.672524 6.04602 15.3909
-0.669979 8.45287 11.5877
-0.390575 6.83193 20.4139
-1.26015 3.23229 7.99365
-0.669979 8.45287 11.5877
-0.706925 3.72831 17.9492
-0.52268 9.47062 13.4527
-0.472012 4.97208 21.0228
-0.330221 6.09035 22.6269
-0.7302 10.5217 5.92242
-0.539637 14.065 2.05967
-0.626903 12.6786 3.43613
-0.286016 5.19722 24.5685
-0.626903 12.6786 3.43613
-0.539637 14.065 2.05967
-0.429393 13.9117 6.72778
-0.906437 9.17583 4.385
-0.0993384 15.8144 16.1398
-0.818538 6.31995 11.8368
-0.125187 14.2357 17.6477
-1.05963 6.2253 6.81904
-0.224007 8.25684 22.477
-1.7823 1.40401 1.40382
-0.625261 10.8372 8.10448
-0.778023 3.9407 16.266
-0.625261 10.8372 8.10448
-1.7823 1.40401 1.40382
-0.295536 10.7076 17.4792
-0.450034 14.4441 4.24827
-0.330221 6.09035 22.6269
-0.168458 15.8869 12.4576
-0.870492 1.91204 17.2882
-0.570945 11.9891 7.04142
-1.05815 2.21469 13.3917
-0.364114 3.30791 25.1022
-0.906437 9.17583 4.385
-1.29392 1.97743 9.38385
-0.626903 12.6786 3.43613
-1.09121 6.91424 4.80878
-0.61111 5.78271 17.0708
-0.341079 9.24909 18.3706
-0.311157 14.1501 10.5878
-0.175226 14.9818 14.247
-0.678484 9.34704 9.7389
-0.558105 8.12816 14.7775
-1.29392 1.97743 9.38385
-0.558105 8.12816 14.7775
-0.678484 9.34704 9.7389
-0.376803 10.5588 15.4797
-0.390575 6.83193 20.4139
-0.114135 13.0538 19.7037
-1.26015 3.23229 7.99365
-0.678484 9.34704 9.7389
-0.114135 13.0538 19.7037
0 20 15.3125
0 20 13.125
-0.181522 10.1112 21.352
-1.76471 0 4.11765
-1.64706 0 6.17647
-0.211013 6.99687 24.1915
-0.21368 4.70011 26.5736
-0.0970597 5.91192 27.7721
-0.0451125 13.913 21.1344
-0.128682 6.823 26.1949
-0.0451125 13.913 21.1344
-0.0970597 5.91192 27.7721
-0.21368 4.70011 26.5736
-0.0451125 13.913 21.1344
-0.286016 5.19722 24.5685
-0.334848 16.2849 2.04787
0 12.3077 24.2308
-0.420279 4.28719 22.8904
0 20 15.3125
-0.149736 17.4993 7.89925
0 18.4615 18.8462
0 9.23077 26.9231
-0.208411 10.9016 19.6289
-0.128682 6.823 26.1949
-0.0267927 17.8688 16.9304
-0.128682 6.823 26.1949
-0.208411 10.9016 19.6289
-0.175226 14.9818 14.247
-0.266453 2.99552 27.3053
-1.05505 4.27752 10.2821
0 0 35
-1.88235 0 2.05882
-1.5752 3.23186 1.94959
0 0 35
-1.5752 3.23186 1.94959
0 20 4.375
-1.6 4 0
-0.0246806 16.8593 18.657
-1.4 6 0
-0.85258 6.90392 10.1062
-0.766397 1.82265 19.3208
0 16.9231 20.1923
-0.85258 6.90392 10.1062
-1.7823 1.40401 1.40382
-0.766397 1.82265 19.3208
-1.09121 6.91424 4.80878
-0.626903 12.6786 3.43613
-0.0267927 17.8688 16.9304
0 20 15.3125
-0.181522 10.1112 21.352
-0.149736 17.4993 7.89925
-0.452883 7.28854 18.4249
-0.103134 8.7233 24.8642
-0.429393 13.9117 6.72778
-0.0661961 17.5241 14.4085
-0.639031 7.88074 13.2853
-0.164378 16.645 10.4234
0 9.23077 26.9231
0 10.7692 25.5769
-0.208411 10.9016 19.6289
-0.208411 10.9016 19.6289
0 10.7692 25.5769
-0.334848 16.2849 2.04787
-0.334848 16.2849 2.04787
-1.69212 1.48349 2.90367
-0.208411 10.9016 19.6289
-0.208411 10.9016 19.6289
-1.69212 1.48349 2.90367
-0.0267927 17.8688 16.9304
-1.76471 0 4.11765
-0.211013 6.99687 24.1915
-0.264219 12.9831 14.7382
-1.6 4 0
-0.264219 12.9831 14.7382
-0.0246806 16.8593 18.657
-0.906437 9.17583 4.385
-0.295536 10.7076 17.4792
-0.444372 12.9707 8.69939
-0.390575 6.83193 20.4139
-0.376803 10.5588 15.4797
-0.472012 4.97208 21.0228
-0.390575 6.83193 20.4139
-0.472012 4.97208 21.0228
-0.672524 6.04602 15.3909
-0.472012 4.97208 21.0228
-0.52268 9.47062 13.4527
-0.672524 6.04602 15.3909
-0.678484 9.34704 9.7389
-0.61111 5.78271 17.0708
-0.114135 13.0538 19.7037
-0.114135 13.0538 19.7037
-0.61111 5.78271 17.0708
-0.376803 10.5588 15.4797
-1.05505 4.27752 10.2821
-0.341079 9.24909 18.3706
-0.175226 14.9818 14.247
-0.341079 9.24909 18.3706
-0.61111 5.78271 17.0708
-0.175226 14.9818 14.247
-0.103134 8.7233 24.8642
-0.603602 12.3181 5.1897
-0.450034 14.4441 4.24827
-0.706925 3.72831 17.9492
-0.125187 14.2357 17.6477
-1.26015 3.23229 7.99365
-0.125187 14.2357 17.6477
-0.818538 6.31995 11.8368
-1.26015 3.23229 7.99365
-0.626903 12.6786 3.43613
-1.29392 1.97743 9.38385
-0.7302 10.5217 5.92242
-1.29392 1.97743 9.38385
-0.818538 6.31995 11.8368
-0.7302 10.5217 5.92242
-0.706925 3.72831 17.9492
-0.669979 8.45287 11.5877
-1.04586 5.4492 8.50228
-0.669979 8.45287 11.5877
-0.672524 6.04602 15.3909
-1.04586 5.4492 8.50228
-0.390575 6.83193 20.4139
-0.669979 8.45287 11.5877
-0.114135 13.0538 19.7037
-0.114135 13.0538 19.7037
-0.669979 8.45287 11.5877
-1.26015 3.23229 7.99365
-0.0657668 18.6601 9.50705
-0.744665 6.15367 13.6881
-1.28933 3.8306 6.41222
-0.744665 6.15367 13.6881
-0.752286 11.1697 3.73515
-1.28933 3.8306 6.41222
-0.103134 8.7233 24.8642
-0.168458 15.8869 12.4576
-0.603602 12.3181 5.1897
-0.168458 15.8869 12.4576
-0.462143 11.7992 10.7701
-0.603602 12.3181 5.1897
-0.103134 8.7233 24.8642
-0.450034 14.4441 4.24827
-0.429393 13.9117 6.72778
-0.450034 14.4441 4.24827
-0.295536 10.7076 17.4792
-0.429393 13.9117 6.72778
-0.906437 9.17583 4.385
-0.444372 12.9707 8.69939
-1.05815 2.21469 13.3917
-0.444372 12.9707 8.69939
-0.544608 5.42245 18.9522
-1.05815 2.21469 13.3917
-0.639031 7.88074 13.2853
-0.539637 14.065 2.05967
-0.286775 13.5688 12.8145
-0.539637 14.065 2.05967
-0.7302 10.5217 5.92242
-0.286775 13.5688 12.8145
-0.870492 1.91204 17.2882
-0.168458 15.8869 12.4576
-0.452883 7.28854 18.4249
-0.558105 8.12816 14.7775
-1.29392 1.97743 9.38385
-1.09121 6.91424 4.80878
-0.906437 9.17583 4.385
-0.364114 3.30791 25.1022
-0.0993384 15.8144 16.1398
-0.705882 0 22.6471
-0.588235 0 24.7059
-0.292866 15.1798 8.52233
-1.05505 4.27752 10.2821
-0.625261 10.8372 8.10448
-0.341079 9.24909 18.3706
-0.105402 2.75065 30.6016
-0.752558 11.9448 1.61414
-0.150107 18.372 1.47505
0 18.4615 18.8462
-0.149736 17.4993 7.89925
-0.85258 6.90392 10.1062
-1.7823 1.40401 1.40382
-0.85258 6.90392 10.1062
-0.778023 3.9407 16.266
-0.870492 1.91204 17.2882
-0.642579 1.82823 21.5895
-0.570945 11.9891 7.04142
-0.870492 1.91204 17.2882
-0.319483 1.24872 28.1303
-0.642579 1.82823 21.5895
-1.05882 0 16.4706
-0.625036 3.46734 19.8809
-1.17647 0 14.4118
-0.706925 3.72831 17.9492
-1.04586 5.4492 8.50228
-0.625036 3.46734 19.8809
-1.29412 0 12.3529
-0.938533 4.3349 12.5101
-1.41176 0 10.2941
-0.752286 11.1697 3.73515
-0.938533 4.3349 12.5101
-0.858515 4.11341 14.4317
0 16.9231 20.1923
-0.766397 1.82265 19.3208
0 15.3846 21.5385
-0.224007 8.25684 22.477
0 15.3846 21.5385
-0.766397 1.82265 19.3208
-0.224007 8.25684 22.477
-0.766397 1.82265 19.3208
-1.7823 1.40401 1.40382
-0.292866 15.1798 8.52233
-0.164378 16.645 10.4234
-0.639031 7.88074 13.2853
-0.292866 15.1798 8.52233
-0.639031 7.88074 13.2853
-0.286775 13.5688 12.8145
-0.500976 2.80808 23.0599
-1.05963 6.2253 6.81904
-0.125187 14.2357 17.6477
-0.941176 0 18.5294
-0.823529 0 20.5882
-0.500976 2.80808 23.0599
-0.224007 8.25684 22.477
-0.420279 4.28719 22.8904
0 13.8462 22.8846
0 12.3077 24.2308
0 13.8462 22.8846
-0.420279 4.28719 22.8904
-0.420279 4.28719 22.8904
-0.224007 8.25684 22.477
-0.0705749 18.1165 11.9731
-0.150107 18.372 1.47505
-0.0470434 15.2192 19.5495
-0.105402 2.75065 30.6016
-0.6 14 0
-0.298335 8.78106 20.0525
-0.4 16 0
-0.642579 1.82823 21.5895
-0.4 16 0
-0.298335 8.78106 20.0525
-0.642579 1.82823 21.5895
-0.298335 8.78106 20.0525
-0.570945 11.9891 7.04142
-0.570945 11.9891 7.04142
-0.298335 8.78106 20.0525
-0.462143 11.7992 10.7701
-0.21368 4.70011 26.5736
-0.286016 5.19722 24.5685
-0.0661961 17.5241 14.4085
-0.539637 14.065 2.05967
-0.0661961 17.5241 14.4085
-0.286016 5.19722 24.5685
-0.539637 14.065 2.05967
-0.639031 7.88074 13.2853
-0.0661961 17.5241 14.4085
-0.625261 10.8372 8.10448
-1.05505 4.27752 10.2821
-0.0705749 18.1165 11.9731
-0.625261 10.8372 8.10448
-0.0705749 18.1165 11.9731
-0.224007 8.25684 22.477
-0.85258 6.90392 10.1062
-0.149736 17.4993 7.89925
-0.778023 3.9407 16.266
-0.149736 17.4993 7.89925
-0.544608 5.42245 18.9522
-0.778023 3.9407 16.266
-0.0954745 10.2631 23.4684
-0.364114 3.30791 25.1022
-0.548984 3.3857 21.4514
-0.364114 3.30791 25.1022
-0.0954745 10.2631 23.4684
-0.0993384 15.8144 16.1398
0 20 13.125
-0.548984 3.3857 21.4514
-0.181522 10.1112 21.352
-0.548984 3.3857 21.4514
-0.364114 3.30791 25.1022
-0.181522 10.1112 21.352
-0.181522 10.1112 21.352
-0.364114 3.30791 25.1022
-1.05815 2.21469 13.3917
-0.0267927 17.8688 16.9304
-1.69212 1.48349 2.90367
-1.09121 6.91424 4.80878
-0.105402 2.75065 30.6016
-0.21368 4.70011 26.5736
-0.752558 11.9448 1.61414
-0.752558 11.9448 1.61414
-0.21368 4.70011 26.5736
-0.0661961 17.5241 14.4085
-0.752558 11.9448 1.61414
-0.0661961 17.5241 14.4085
-0.164378 16.645 10.4234
-0.823529 0 20.5882
-0.964002 2.03014 15.4007
-0.500976 2.80808 23.0599
-0.286775 13.5688 12.8145
-0.964002 2.03014 15.4007
-0.292866 15.1798 8.52233
-1.05882 0 16.4706
-0.845812 8.63884 7.0118
-0.625036 3.46734 19.8809
-0.125187 14.2357 17.6477
-0.845812 8.63884 7.0118
-0.500976 2.80808 23.0599
-0.858515 4.11341 14.4317
-0.938533 4.3349 12.5101
-1.19414 6.72187 2.93144
-0.858515 4.11341 14.4317
-1.19414 6.72187 2.93144
-1.04586 5.4492 8.50228
-0.188641 12.3472 18.2318
-0.507334 1.52301 24.4231
-0.232967 12.5237 16.5502
-0.52268 9.47062 13.4527
-0.330221 6.09035 22.6269
-0.405489 11.4287 13.173
-0.61111 5.78271 17.0708
-0.917004 10.0648 2.01729
-0.376803 10.5588 15.4797
-0.61111 5.78271 17.0708
-0.311157 14.1501 10.5878
-0.917004 10.0648 2.01729
-0.462143 11.7992 10.7701
-0.298335 8.78106 20.0525
-0.175807 14.1078 15.8959
-0.341079 9.24909 18.3706
-0.544542 10.0997 11.7726
-0.311157 14.1501 10.5878
-0.544608 5.42245 18.9522
-0.544542 10.0997 11.7726
-0.778023 3.9407 16.266
-0.544608 5.42245 18.9522
-0.311157 14.1501 10.5878
-0.544542 10.0997 11.7726
-0.295536 10.7076 17.4792
-0.330221 6.09035 22.6269
-1.43539 1.7593 7.12992
-0.472012 4.97208 21.0228
-1.43539 1.7593 7.12992
-0.330221 6.09035 22.6269
-0.938533 4.3349 12.5101
-1.556 1.65442 5.09458
-1.41176 0 10.2941
-0.938533 4.3349 12.5101
-0.752286 11.1697 3.73515
-1.556 1.65442 5.09458
-0.311157 14.1501 10.5878
-0.444372 12.9707 8.69939
-0.917004 10.0648 2.01729
-1.43539 1.7593 7.12992
-0.472012 4.97208 21.0228
-0.376803 10.5588 15.4797
-0.778023 3.9407 16.266
-0.544542 10.0997 11.7726
-0.625261 10.8372 8.10448
-0.544542 10.0997 11.7726
-0.341079 9.24909 18.3706
-0.625261 10.8372 8.10448
-0.625036 3.46734 19.8809
-0.845812 8.63884 7.0118
-0.706925 3.72831 17.9492
-0.845812 8.63884 7.0118
-0.125187 14.2357 17.6477
-0.706925 3.72831 17.9492
-0.823529 0 20.5882
-0.705882 0 22.6471
-0.964002 2.03014 15.4007
-0.964002 2.03014 15.4007
-0.705882 0 22.6471
-0.292866 15.1798 8.52233
-0.286775 13.5688 12.8145
-1.05963 6.2253 6.81904
-0.964002 2.03014 15.4007
-0.964002 2.03014 15.4007
-1.05963 6.2253 6.81904
-0.500976 2.80808 23.0599
-0.232967 12.5237 16.5502
-0.507334 1.52301 24.4231
-1.04702 8.22573 3.07922
-0.188641 12.3472 18.2318
-0.232967 12.5237 16.5502
-1.17201 2.13409 11.3976
-1.41176 0 10.2941
-1.556 1.65442 5.09458
-1.52941 0 8.23529
-0.175226 14.9818 14.247
-0.558105 8.12816 14.7775
-0.266453 2.99552 27.3053
-0.0657668 18.6601 9.50705
-1.17201 2.13409 11.3976
-0.232967 12.5237 16.5502
-0.845812 8.63884 7.0118
-1.05882 0 16.4706
-0.941176 0 18.5294
-0.845812 8.63884 7.0118
-0.941176 0 18.5294
-0.500976 2.80808 23.0599
-1.17647 0 14.4118
-0.625036 3.46734 19.8809
-1.19414 6.72187 2.93144
-1.04586 5.4492 8.50228
-1.19414 6.72187 2.93144
-0.625036 3.46734 19.8809
-1.19414 6.72187 2.93144
-0.938533 4.3349 12.5101
-1.29412 0 12.3529
-1.17647 0 14.4118
-1.19414 6.72187 2.93144
-1.29412 0 12.3529
-1.17201 2.13409 11.3976
-0.330221 6.09035 22.6269
-0.450034 14.4441 4.24827
-1.17201 2.13409 11.3976
-0.405489 11.4287 13.173
-0.330221 6.09035 22.6269
-1.17201 2.13409 11.3976
-0.603602 12.3181 5.1897
-0.188641 12.3472 18.2318
-0.450034 14.4441 4.24827
-0.603602 12.3181 5.1897
-1.17201 2.13409 11.3976
-0.544608 5.42245 18.9522
-0.149736 17.4993 7.89925
-1.05815 2.21469 13.3917
-1.05815 2.21469 13.3917
-0.149736 17.4993 7.89925
-0.181522 10.1112 21.352
-0.211013 6.99687 24.1915
-0.0246806 16.8593 18.657
-0.264219 12.9831 14.7382
-0.266453 2.99552 27.3053
-1.69212 1.48349 2.90367
-0.334848 16.2849 2.04787
-1.69212 1.48349 2.90367
-0.266453 2.99552 27.3053
-1.09121 6.91424 4.80878
-0.558105 8.12816 14.7775
-1.09121 6.91424 4.80878
-0.266453 2.99552 27.3053
-0.470588 0 26.7647
-0.895463 7.29266 8.45169
-0.588235 0 24.7059
-0.752558 11.9448 1.61414
-0.164378 16.645 10.4234
-0.895463 7.29266 8.45169
-0.319483 1.24872 28.1303
-1.5752 3.23186 1.94959
-1.88235 0 2.05882
-0.752286 11.1697 3.73515
-0.744665 6.15367 13.6881
-1.556 1.65442 5.09458
-0.292866 15.1798 8.52233
-0.588235 0 24.7059
-0.164378 16.645 10.4234
-0.164378 16.645 10.4234
-0.588235 0 24.7059
-0.895463 7.29266 8.45169
-0.211013 6.99687 24.1915
-1.64706 0 6.17647
-0.0880302 1.47321 32.1092
1.8 2 0
-0.469641 8.29509 16.6109
-0.153431 18.1444 3.31095
0 1.53846 33.6538
-0.153431 18.1444 3.31095
-0.469641 8.29509 16.6109
-0.211013 6.99687 24.1915
-0.415721 1.51253 26.1038
-0.0246806 16.8593 18.657
-0.150107 18.372 1.47505
-1.29974 5.30863 3.50005
-0.122486 4.30359 28.797
-0.352941 0 28.8235
-0.122486 4.30359 28.797
-1.29974 5.30863 3.50005
-0.0470434 15.2192 19.5495
-0.288311 15.9091 6.22331
-0.0704926 15.8239 17.5833
-0.122486 4.30359 28.797
-0.288311 15.9091 6.22331
-0.150107 18.372 1.47505
-0.0470434 15.2192 19.5495
-0.150107 18.372 1.47505
-0.288311 15.9091 6.22331
0 20 6.5625
-1.23386 5.13207 5.19034
0 20 8.75
-0.211013 6.99687 24.1915
-0.0880302 1.47321 32.1092
-0.415721 1.51253 26.1038
-0.352941 0 28.8235
-1.29974 5.30863 3.50005
-0.470588 0 26.7647
-1.29974 5.30863 3.50005
-0.895463 7.29266 8.45169
-0.470588 0 26.7647
-0.150107 18.372 1.47505
-0.752558 11.9448 1.61414
-1.29974 5.30863 3.50005
-1.29974 5.30863 3.50005
-0.752558 11.9448 1.61414
-0.895463 7.29266 8.45169
1.8 2 0
-0.153431 18.1444 3.31095
-0.117647 0 32.9412
0 1.53846 33.6538
-0.0704926 15.8239 17.5833
-0.153431 18.1444 3.31095
-1.43608 3.38157 4.35287
-1.23386 5.13207 5.19034
0 20 6.5625
-1.04702 8.22573 3.07922
-0.207157 2.2597 29.1666
-0.232967 12.5237 16.5502
-0.870492 1.91204 17.2882
-0.452883 7.28854 18.4249
-0.147426 17.9504 5.41577
-0.207157 2.2597 29.1666
-0.0246806 16.8593 18.657
-0.415721 1.51253 26.1038
-1.64706 0 6.17647
-1.52941 0 8.23529
-0.0880302 1.47321 32.1092
-1.556 1.65442 5.09458
-0.0880302 1.47321 32.1092
-1.52941 0 8.23529
-0.0880302 1.47321 32.1092
-1.556 1.65442 5.09458
-0.744665 6.15367 13.6881
-0.0705749 18.1165 11.9731
-1.05505 4.27752 10.2821
-0.266453 2.99552 27.3053
-0.334848 16.2849 2.04787
-0.420279 4.28719 22.8904
-0.0705749 18.1165 11.9731
-0.0705749 18.1165 11.9731
-0.266453 2.99552 27.3053
-0.334848 16.2849 2.04787
-1.5752 3.23186 1.94959
-0.319483 1.24872 28.1303
-1.43608 3.38157 4.35287
0 20 4.375
-1.43608 3.38157 4.35287
0 20 6.5625
0 20 4.375
-1.5752 3.23186 1.94959
-1.43608 3.38157 4.35287
-0.0657668 18.6601 9.50705
-1.28933 3.8306 6.41222
-0.405489 11.4287 13.173
-0.0657668 18.6601 9.50705
-0.405489 11.4287 13.173
-1.17201 2.13409 11.3976
-1.28933 3.8306 6.41222
-0.52268 9.47062 13.4527
-0.405489 11.4287 13.173
-1.23386 5.13207 5.19034
-0.147426 17.9504 5.41577
-0.0954745 10.2631 23.4684
-0.0704926 15.8239 17.5833
-0.288311 15.9091 6.22331
-0.117647 0 32.9412
-0.153431 18.1444 3.31095
-0.0704926 15.8239 17.5833
-0.117647 0 32.9412
-0.917004 10.0648 2.01729
-1.43539 1.7593 7.12992
-0.376803 10.5588 15.4797
-0.444372 12.9707 8.69939
-0.295536 10.7076 17.4792
-0.917004 10.0648 2.01729
-0.295536 10.7076 17.4792
-1.43539 1.7593 7.12992
-0.917004 10.0648 2.01729
-0.117647 0 32.9412
-0.288311 15.9091 6.22331
-0.235294 0 30.8824
-0.288311 15.9091 6.22331
-0.122486 4.30359 28.797
-0.235294 0 30.8824
-0.232967 12.5237 16.5502
-1.15306 7.88716 1.35067
-0.0657668 18.6601 9.50705
-0.232967 12.5237 16.5502
-0.207157 2.2597 29.1666
-1.15306 7.88716 1.35067
-0.744665 6.15367 13.6881
-0.0657668 18.6601 9.50705
-1.15306 7.88716 1.35067
-1 10 0
-1.36919 5.52492 1.63219
-0.8 12 0
-1.2 8 0
-1.36919 5.52492 1.63219
-1 10 0
-0.507334 1.52301 24.4231
-1.36919 5.52492 1.63219
-1.04702 8.22573 3.07922
-1.36919 5.52492 1.63219
-0.277407 16.5046 4.24275
-1.04702 8.22573 3.07922
-1.36919 5.52492 1.63219
-1.2 8 0
-0.277407 16.5046 4.24275
-0.415721 1.51253 26.1038
-0.0880302 1.47321 32.1092
-0.744665 6.15367 13.6881
-0.744665 6.15367 13.6881
-1.15306 7.88716 1.35067
-0.415721 1.51253 26.1038
-1.15306 7.88716 1.35067
-0.207157 2.2597 29.1666
-0.415721 1.51253 26.1038
-1.4 6 0
-0.277407 16.5046 4.24275
-1.2 8 0
-0.277407 16.5046 4.24275
-1.4 6 0
-0.0246806 16.8593 18.657
-0.0246806 16.8593 18.657
-0.207157 2.2597 29.1666
-0.277407 16.5046 4.24275
-1.04702 8.22573 3.07922
-0.277407 16.5046 4.24275
-0.207157 2.2597 29.1666
-0.0954745 10.2631 23.4684
0 20 8.75
-1.23386 5.13207 5.19034
-0.175807 14.1078 15.8959
-0.188641 12.3472 18.2318
-0.462143 11.7992 10.7701
-0.188641 12.3472 18.2318
-0.175807 14.1078 15.8959
-0.507334 1.52301 24.4231
-1.36919 5.52492 1.63219
-0.175807 14.1078 15.8959
-0.8 12 0
-0.175807 14.1078 15.8959
-1.36919 5.52492 1.63219
-0.507334 1.52301 24.4231
-0.0993384 15.8144 16.1398
-0.452883 7.28854 18.4249
-0.429393 13.9117 6.72778
-0.0993384 15.8144 16.1398
-0.147426 17.9504 5.41577
-0.452883 7.28854 18.4249
-0.0993384 15.8144 16.1398
-0.0954745 10.2631 23.4684
-0.147426 17.9504 5.41577
-0.6 14 0
-0.8 12 0
-0.298335 8.78106 20.0525
-0.298335 8.78106 20.0525
-0.8 12 0
-0.175807 14.1078 15.8959
0 20 8.75
-0.0954745 10.2631 23.4684
0 20 10.9375
-0.0954745 10.2631 23.4684
-0.548984 3.3857 21.4514
0 20 10.9375
-0.319483 1.24872 28.1303
-0.870492 1.91204 17.2882
-0.467987 15.0875 1.03243
-0.319483 1.24872 28.1303
-0.467987 15.0875 1.03243
-1.43608 3.38157 4.35287
-0.147426 17.9504 5.41577
-0.467987 15.0875 1.03243
-0.870492 1.91204 17.2882
-1.43608 3.38157 4.35287
-0.467987 15.0875 1.03243
-1.23386 5.13207 5.19034
-0.467987 15.0875 1.03243
-0.147426 17.9504 5.41577
-1.23386 5.13207 5.19034
-0.2 18 0
-0.4 16 0
0.47461 8.21899 16.6055
-0.642579 1.82823 21.5895
-0.319483 1.24872 28.1303
0.47461 8.21899 16.6055
-0.2 18 0
0.47461 8.21899 16.6055
-0.319483 1.24872 28.1303
-0.642579 1.82823 21.5895
0.47461 8.21899 16.6055
-0.4 16 0
-0.286016 5.19722 24.5685
-0.0451125 13.913 21.1344
-0.0267927 17.8688 16.9304
-0.0451125 13.913 21.1344
-0.128682 6.823 26.1949
-0.0267927 17.8688 16.9304
-0.469641 8.29509 16.6109
0 20 17.5
0 20 2.1875
0 20 0
1.6 4 0
0.293088 12.4539 14.7413
0 20 0
0.293088 12.4539 14.7413
1.76471 0 4.11765
0.175559 3.26518 28.771
0.22136 4.56535 26.5586
0.400158 3.29067 24.4283
0 20 10.9375
0 20 13.125
0.569146 3.20557 21.2845
0 7.69231 28.2692
0.548695 1.99246 23.1232
0 9.23077 26.9231
0 4.61538 30.9615
0.0738921 11.9763 22.2626
0 6.15385 29.6154
0.626794 12.6761 3.44726
0.0536266 17.8984 14.4043
0.296814 5.24638 24.2916
0 4.61538 30.9615
0 3.07692 32.3077
0.23414 1.56497 29.3593
0.23414 1.56497 29.3593
0 3.07692 32.3077
0.0799406 15.5778 17.5064
0.235294 0 30.8824
0.0484824 15.1704 19.5449
0.117647 0 32.9412
0.2 18 0
1.88235 0 2.05882
0.0981676 4.90584 28.7103
0.131174 6.81196 26.1511
0.139531 11.8179 20.4541
1.05717 4.25492 10.2767
0 7.69231 28.2692
0 6.15385 29.6154
0.0976212 5.92267 27.7499
0.0738921 11.9763 22.2626
0 4.61538 30.9615
0.23414 1.56497 29.3593
0.0738921 11.9763 22.2626
0.23414 1.56497 29.3593
0.175559 3.26518 28.771
0.548695 1.99246 23.1232
0 7.69231 28.2692
0.0976212 5.92267 27.7499
0.235294 0 30.8824
0.352941 0 28.8235
0.353717 16.1776 1.55543
0.353717 16.1776 1.55543
0.0799406 15.5778 17.5064
0.0484824 15.1704 19.5449
0.353717 16.1776 1.55543
0.0484824 15.1704 19.5449
0.235294 0 30.8824
0.352941 0 28.8235
0.470588 0 26.7647
1.38609 5.31697 1.69917
1.38609 5.31697 1.69917
0.353717 16.1776 1.55543
0.352941 0 28.8235
0 15.3846 21.5385
0 13.8462 22.8846
0.225851 8.24457 22.4476
0.0976212 5.92267 27.7499
0 6.15385 29.6154
0.0738921 11.9763 22.2626
0.175559 3.26518 28.771
0.400158 3.29067 24.4283
0.0976212 5.92267 27.7499
0.0976212 5.92267 27.7499
0.0738921 11.9763 22.2626
0.175559 3.26518 28.771
0.22136 4.56535 26.5586
1.38609 5.31697 1.69917
0.245724 10.3734 19.3063
0 10.7692 25.5769
0.444037 1.69496 25.3865
0 12.3077 24.2308
0.2 18 0
0.0981676 4.90584 28.7103
0.4 16 0
1.4 6 0
1.2 8 0
0.337291 1.58801 27.4534
0 20 15.3125
0 18.4615 18.8462
0.847785 6.89471 10.2282
0.588235 0 24.7059
0.245724 10.3734 19.3063
0.470588 0 26.7647
0.245724 10.3734 19.3063
1.38609 5.31697 1.69917
0.470588 0 26.7647
0.612686 5.76827 17.0579
0.30859 14.0171 11.0087
0.823614 6.26104 11.8242
0.41751 11.4823 12.7218
0.167795 15.799 12.7179
0.861108 4.08712 14.4192
0.161797 15.109 14.5747
0.847785 6.89471 10.2282
0.675891 6.00332 15.3824
0.491284 9.73361 13.81
1.25666 3.14543 8.20413
0.667768 9.36302 9.97825
0.823614 6.26104 11.8242
0.30859 14.0171 11.0087
0.473917 11.6462 10.7349
0.491284 9.73361 13.81
0.31452 10.412 17.3968
1.101 5.98622 6.37943
0.131174 6.81196 26.1511
0.610648 12.2222 5.22272
0.139531 11.8179 20.4541
0.473917 11.6462 10.7349
0.610648 12.2222 5.22272
0.667768 9.36302 9.97825
0.390363 10.2227 15.6525
0.569726 11.9639 7.13974
0.69805 10.7416 6.29871
0.390363 10.2227 15.6525
0.453325 12.7918 8.83476
0.189062 12.1656 18.4776
0.548486 5.40985 18.8884
1.05974 2.20149 13.3813
0.908974 8.94062 4.84012
0.675891 6.00332 15.3824
0.317181 14.7019 8.88366
0.30859 14.0171 11.0087
1.05974 2.20149 13.3813
0.423898 14.0124 6.64078
0.908974 8.94062 4.84012
0.69805 10.7416 6.29871
1.30118 1.83747 9.46979
0.105299 8.73245 24.8023
0.491284 9.73361 13.81
0.667768 9.36302 9.97825
0.941614 4.30197 12.4996
0.167795 15.799 12.7179
0.638026 3.39987 19.7163
0.861108 4.08712 14.4192
0.31452 10.412 17.3968
0.298422 13.3832 12.786
1.101 5.98622 6.37943
0.612686 5.76827 17.0579
1.06039 5.38912 8.30547
0.30859 14.0171 11.0087
0.161797 15.109 14.5747
1.06039 5.38912 8.30547
0.908974 8.94062 4.84012
0.41751 11.4823 12.7218
0.861108 4.08712 14.4192
0.668861 8.36286 11.7716
0.75561 11.0709 3.89223
0.668861 8.36286 11.7716
0.861108 4.08712 14.4192
0.41751 11.4823 12.7218
0.335724 6.07423 22.5285
0.0759545 17.9623 12.0954
0 20 13.125
0 20 15.3125
0.749706 6.09196 13.6763
0 20 13.125
0.749706 6.09196 13.6763
0.569146 3.20557 21.2845
0.167795 15.799 12.7179
0.392988 6.82249 20.3727
0.479054 4.92701 20.9352
1.25666 3.14543 8.20413
0.712635 3.70291 17.8721
0.479054 4.92701 20.9352
0.31452 10.412 17.3968
0.626794 12.6761 3.44726
0.126346 13.9443 18.042
0.296814 5.24638 24.2916
0.126346 13.9443 18.042
0.626794 12.6761 3.44726
0.225851 8.24457 22.4476
0.53541 14.0495 2.2759
1.7823 1.40401 1.40382
0.317181 14.7019 8.88366
1.7823 1.40401 1.40382
0.53541 14.0495 2.2759
0.4 16 0
0.0981676 4.90584 28.7103
0.0220034 18.3945 16.3138
0 18.4615 18.8462
-1.8 2 0
0.781435 3.91774 16.2312
0 18.4615 18.8462
0.781435 3.91774 16.2312
0.847785 6.89471 10.2282
0.491284 9.73361 13.81
1.101 5.98622 6.37943
0.715979 1.46822 20.6893
0.245724 10.3734 19.3063
0.489421 13.9974 4.20137
0.650668 7.73015 13.2626
0.69805 10.7416 6.29871
0.569726 11.9639 7.13974
0.8753 1.89335 17.2247
0.548486 5.40985 18.8884
0.335724 6.07423 22.5285
0.193798 16.1726 10.2924
0.161797 15.109 14.5747
0.908974 8.94062 4.84012
0.429703 4.18302 22.8257
0.423898 14.0124 6.64078
0.429703 4.18302 22.8257
0.908974 8.94062 4.84012
0.22136 4.56535 26.5586
0.75271 11.9415 1.61898
0.400158 3.29067 24.4283
0.941614 4.30197 12.4996
0.566572 8.00012 14.7798
0.626794 12.6761 3.44726
0.823614 6.26104 11.8242
0.0885599 18.5124 7.60858
0.392988 6.82249 20.3727
1.25666 3.14543 8.20413
0.0885599 18.5124 7.60858
0.667768 9.36302 9.97825
0 20 8.75
0 20 10.9375
0.361458 8.94397 18.2899
0.610648 12.2222 5.22272
0.108663 13.233 19.6603
0.667768 9.36302 9.97825
0.610648 12.2222 5.22272
0.131174 6.81196 26.1511
0.108663 13.233 19.6603
0.941614 4.30197 12.4996
0.667768 9.36302 9.97825
0.108663 13.233 19.6603
1.76471 0 4.11765
0.0560989 13.5714 21.107
1.64706 0 6.17647
0.444037 1.69496 25.3865
0.214737 7.02192 24.0813
0 12.3077 24.2308
0.444037 1.69496 25.3865
1.05717 4.25492 10.2767
0.214737 7.02192 24.0813
0.400158 3.29067 24.4283
0.176064 10.2906 21.2819
0.0976212 5.92267 27.7499
0.548695 1.99246 23.1232
0.0976212 5.92267 27.7499
0.176064 10.2906 21.2819
0.400158 3.29067 24.4283
0.296814 5.24638 24.2916
0.176064 10.2906 21.2819
0.131174 6.81196 26.1511
1.05717 4.25492 10.2767
0.0751225 16.4469 16.2517
0.675891 6.00332 15.3824
0.847785 6.89471 10.2282
0.237115 12.2754 16.8125
0.473917 11.6462 10.7349
0.30859 14.0171 11.0087
0.0956862 10.3881 23.3311
0.317181 14.7019 8.88366
0.0956862 10.3881 23.3311
0.30859 14.0171 11.0087
0 9.23077 26.9231
0.548695 1.99246 23.1232
0.139553 18.007 5.76908
0.0536266 17.8984 14.4043
0.139553 18.007 5.76908
0.548695 1.99246 23.1232
0.22136 4.56535 26.5586
0.175559 3.26518 28.771
0.146563 18.4122 1.45351
0.353717 16.1776 1.55543
1.38609 5.31697 1.69917
0.146563 18.4122 1.45351
0.22136 4.56535 26.5586
0.146563 18.4122 1.45351
1.38609 5.31697 1.69917
0 0 35
1.59098 3.08607 1.91745
1.88235 0 2.05882
0 0 35
0 20 4.375
1.59098 3.08607 1.91745
1.6 4 0
1.4 6 0
0.0244476 17.282 18.0902
0.337291 1.58801 27.4534
0.0244476 17.282 18.0902
1.4 6 0
0.566572 8.00012 14.7798
0.0536266 17.8984 14.4043
0.626794 12.6761 3.44726
1.30118 1.83747 9.46979
1.05974 2.20149 13.3813
0.105299 8.73245 24.8023
0.705882 0 22.6471
0.489421 13.9974 4.20137
0.588235 0 24.7059
0.489421 13.9974 4.20137
0.245724 10.3734 19.3063
0.588235 0 24.7059
0.22136 4.56535 26.5586
0.245724 10.3734 19.3063
0.75271 11.9415 1.61898
0.75271 11.9415 1.61898
0.245724 10.3734 19.3063
0.650668 7.73015 13.2626
0 9.23077 26.9231
0.139553 18.007 5.76908
0 10.7692 25.5769
0.139553 18.007 5.76908
0.444037 1.69496 25.3865
0 10.7692 25.5769
1.76471 0 4.11765
0.293088 12.4539 14.7413
0.0560989 13.5714 21.107
1.6 4 0
0.0244476 17.282 18.0902
0.293088 12.4539 14.7413
0.392988 6.82249 20.3727
0.167795 15.799 12.7179
0.0759545 17.9623 12.0954
0.0759545 17.9623 12.0954
0.167795 15.799 12.7179
0.41751 11.4823 12.7218
0.908974 8.94062 4.84012
1.06039 5.38912 8.30547
0.548486 5.40985 18.8884
1.06039 5.38912 8.30547
0.612686 5.76827 17.0579
0.548486 5.40985 18.8884
0.392988 6.82249 20.3727
0.0759545 17.9623 12.0954
0.823614 6.26104 11.8242
0.105299 8.73245 24.8023
0.193798 16.1726 10.2924
0.453325 12.7918 8.83476
0.712635 3.70291 17.8721
1.25666 3.14543 8.20413
0.715979 1.46822 20.6893
0.715979 1.46822 20.6893
1.25666 3.14543 8.20413
0.491284 9.73361 13.81
0.626794 12.6761 3.44726
0.31452 10.412 17.3968
0.941614 4.30197 12.4996
0.941614 4.30197 12.4996
0.31452 10.412 17.3968
0.491284 9.73361 13.81
0.667768 9.36302 9.97825
0.0885599 18.5124 7.60858
0.473917 11.6462 10.7349
0.0885599 18.5124 7.60858
0.823614 6.26104 11.8242
0.473917 11.6462 10.7349
0.712635 3.70291 17.8721
0.638026 3.39987 19.7163
0.479054 4.92701 20.9352
0.479054 4.92701 20.9352
0.638026 3.39987 19.7163
0.167795 15.799 12.7179
0.30859 14.0171 11.0087
1.06039 5.38912 8.30547
0.675891 6.00332 15.3824
1.06039 5.38912 8.30547
0.161797 15.109 14.5747
0.675891 6.00332 15.3824
1.7823 1.40401 1.40382
0.317181 14.7019 8.88366
0.237115 12.2754 16.8125
0.237115 12.2754 16.8125
0.317181 14.7019 8.88366
0.675891 6.00332 15.3824
0.392988 6.82249 20.3727
0.0885599 18.5124 7.60858
0.479054 4.92701 20.9352
0.0885599 18.5124 7.60858
1.25666 3.14543 8.20413
0.479054 4.92701 20.9352
0.105299 8.73245 24.8023
0.453325 12.7918 8.83476
0.69805 10.7416 6.29871
0.453325 12.7918 8.83476
0.390363 10.2227 15.6525
0.69805 10.7416 6.29871
0.139531 11.8179 20.4541
0.610648 12.2222 5.22272
0.0956862 10.3881 23.3311
0.0956862 10.3881 23.3311
0.610648 12.2222 5.22272
0.473917 11.6462 10.7349
0.105299 8.73245 24.8023
1.05974 2.20149 13.3813
0.193798 16.1726 10.2924
0.193798 16.1726 10.2924
1.05974 2.20149 13.3813
0.548486 5.40985 18.8884
0.650668 7.73015 13.2626
0.298422 13.3832 12.786
0.126346 13.9443 18.042
0.126346 13.9443 18.042
0.298422 13.3832 12.786
0.31452 10.412 17.3968
0.8753 1.89335 17.2247
1.30118 1.83747 9.46979
0.69805 10.7416 6.29871
0.139531 11.8179 20.4541
0.0956862 10.3881 23.3311
0.53541 14.0495 2.2759
0.0956862 10.3881 23.3311
0.317181 14.7019 8.88366
0.53541 14.0495 2.2759
0.131174 6.81196 26.1511
0.566572 8.00012 14.7798
0.108663 13.233 19.6603
0.108663 13.233 19.6603
0.566572 8.00012 14.7798
0.941614 4.30197 12.4996
0.847785 6.89471 10.2282
0.781435 3.91774 16.2312
0.237115 12.2754 16.8125
1.05717 4.25492 10.2767
0.444037 1.69496 25.3865
0.0751225 16.4469 16.2517
0.96616 2.01662 15.3797
1.7823 1.40401 1.40382
0.237115 12.2754 16.8125
0.237115 12.2754 16.8125
0.781435 3.91774 16.2312
0.96616 2.01662 15.3797
0.8753 1.89335 17.2247
0.569726 11.9639 7.13974
0.0220034 18.3945 16.3138
1.05882 0 16.4706
1.17647 0 14.4118
0.153139 14.4535 16.1815
0.712635 3.70291 17.8721
0.153139 14.4535 16.1815
0.638026 3.39987 19.7163
0.75561 11.0709 3.89223
0.861108 4.08712 14.4192
0.4554 7.26421 18.4015
0 16.9231 20.1923
0 15.3846 21.5385
0.96616 2.01662 15.3797
0.225851 8.24457 22.4476
0.96616 2.01662 15.3797
0 15.3846 21.5385
0.225851 8.24457 22.4476
1.7823 1.40401 1.40382
0.96616 2.01662 15.3797
0.705882 0 22.6471
0.823529 0 20.5882
0.489421 13.9974 4.20137
0.489421 13.9974 4.20137
0.298422 13.3832 12.786
0.650668 7.73015 13.2626
0.602155 10.8928 8.62917
0.715979 1.46822 20.6893
1.101 5.98622 6.37943
0.941176 0 18.5294
0.602155 10.8928 8.62917
0.823529 0 20.5882
0.225851 8.24457 22.4476
0 13.8462 22.8846
0.214737 7.02192 24.0813
0 12.3077 24.2308
0.214737 7.02192 24.0813
0 13.8462 22.8846
0.214737 7.02192 24.0813
1.05717 4.25492 10.2767
1.69447 1.47191 2.88103
0.214737 7.02192 24.0813
1.69447 1.47191 2.88103
0.225851 8.24457 22.4476
0.6 14 0
0.4 16 0
1.12117 6.60896 4.75487
0.0220034 18.3945 16.3138
1.12117 6.60896 4.75487
0.4 16 0
0.0220034 18.3945 16.3138
0.569726 11.9639 7.13974
1.12117 6.60896 4.75487
0.6 14 0
1.12117 6.60896 4.75487
0.8 12 0
0.569726 11.9639 7.13974
0.390363 10.2227 15.6525
1.12117 6.60896 4.75487
0.400158 3.29067 24.4283
0.75271 11.9415 1.61898
0.296814 5.24638 24.2916
0.126346 13.9443 18.042
0.296814 5.24638 24.2916
0.75271 11.9415 1.61898
0.126346 13.9443 18.042
0.75271 11.9415 1.61898
0.650668 7.73015 13.2626
1.05717 4.25492 10.2767
0.139531 11.8179 20.4541
1.69447 1.47191 2.88103
0.53541 14.0495 2.2759
1.69447 1.47191 2.88103
0.139531 11.8179 20.4541
0.53541 14.0495 2.2759
0.225851 8.24457 22.4476
1.69447 1.47191 2.88103
0.569146 3.20557 21.2845
0.749706 6.09196 13.6763
0.429703 4.18302 22.8257
0.161797 15.109 14.5747
0.749706 6.09196 13.6763
0.847785 6.89471 10.2282
0 20 15.3125
0.847785 6.89471 10.2282
0.749706 6.09196 13.6763
0.429703 4.18302 22.8257
0.749706 6.09196 13.6763
0.161797 15.109 14.5747
0.0799406 15.5778 17.5064
0.175559 3.26518 28.771
0.23414 1.56497 29.3593
0.175559 3.26518 28.771
0.0799406 15.5778 17.5064
0.146563 18.4122 1.45351
0.146563 18.4122 1.45351
0.0799406 15.5778 17.5064
0.353717 16.1776 1.55543
1.05974 2.20149 13.3813
1.30118 1.83747 9.46979
0.423898 14.0124 6.64078
0.444037 1.69496 25.3865
0.139553 18.007 5.76908
0.0751225 16.4469 16.2517
0.139553 18.007 5.76908
0.0536266 17.8984 14.4043
0.0751225 16.4469 16.2517
0 20 10.9375
0.569146 3.20557 21.2845
0.361458 8.94397 18.2899
-1.8 2 0
0 16.9231 20.1923
0.781435 3.91774 16.2312
0.781435 3.91774 16.2312
0 16.9231 20.1923
0.96616 2.01662 15.3797
1.05882 0 16.4706
0.153139 14.4535 16.1815
0.774297 2.09287 18.8267
0.715979 1.46822 20.6893
0.602155 10.8928 8.62917
0.774297 2.09287 18.8267
0.823529 0 20.5882
1.44746 2.11474 6.32149
0.489421 13.9974 4.20137
0.823529 0 20.5882
0.602155 10.8928 8.62917
1.44746 2.11474 6.32149
0.298422 13.3832 12.786
0.489421 13.9974 4.20137
1.44746 2.11474 6.32149
0.861108 4.08712 14.4192
1.22027 6.42683 2.96603
0.4554 7.26421 18.4015
0.861108 4.08712 14.4192
0.638026 3.39987 19.7163
1.22027 6.42683 2.96603
0.189062 12.1656 18.4776
0.304641 8.70461 19.998
0.218674 16.4944 7.7378
0.423898 14.0124 6.64078
1.30118 1.83747 9.46979
0.895456 7.41176 8.23097
0.41751 11.4823 12.7218
0.938535 9.64333 2.49117
0.335724 6.07423 22.5285
0.390363 10.2227 15.6525
1.61786 1.27126 4.61427
1.12117 6.60896 4.75487
0.8 12 0
1.12117 6.60896 4.75487
1.61786 1.27126 4.61427
0.153139 14.4535 16.1815
0.712635 3.70291 17.8721
0.774297 2.09287 18.8267
0.774297 2.09287 18.8267
0.712635 3.70291 17.8721
0.715979 1.46822 20.6893
0.298422 13.3832 12.786
1.44746 2.11474 6.32149
1.101 5.98622 6.37943
1.44746 2.11474 6.32149
0.602155 10.8928 8.62917
1.101 5.98622 6.37943
0.304641 8.70461 19.998
1.06033 8.04273 3.16631
0.218674 16.4944 7.7378
0.131174 6.81196 26.1511
0.0751225 16.4469 16.2517
0.566572 8.00012 14.7798
0.0536266 17.8984 14.4043
0.566572 8.00012 14.7798
0.0751225 16.4469 16.2517
0.774297 2.09287 18.8267
0.941176 0 18.5294
1.05882 0 16.4706
0.774297 2.09287 18.8267
0.602155 10.8928 8.62917
0.941176 0 18.5294
1.17647 0 14.4118
1.22027 6.42683 2.96603
0.153139 14.4535 16.1815
0.638026 3.39987 19.7163
0.153139 14.4535 16.1815
1.22027 6.42683 2.96603
1.22027 6.42683 2.96603
1.29412 0 12.3529
0.4554 7.26421 18.4015
1.17647 0 14.4118
1.29412 0 12.3529
1.22027 6.42683 2.96603
0 20 6.5625
0 20 8.75
0.31534 2.88219 26.4951
0 20 8.75
0.361458 8.94397 18.2899
0.31534 2.88219 26.4951
0.0560989 13.5714 21.107
0.293088 12.4539 14.7413
0.0244476 17.282 18.0902
0.0981676 4.90584 28.7103
1.88235 0 2.05882
1.59098 3.08607 1.91745
0.895456 7.41176 8.23097
0.31534 2.88219 26.4951
0.361458 8.94397 18.2899
0.0560989 13.5714 21.107
0.194446 17.6601 3.30341
1.64706 0 6.17647
0.0560989 13.5714 21.107
0.0244476 17.282 18.0902
1.28022 4.01181 6.27493
0.335724 6.07423 22.5285
0.961519 7.61711 6.33317
0.193798 16.1726 10.2924
0.335724 6.07423 22.5285
0.938535 9.64333 2.49117
0.961519 7.61711 6.33317
0.189062 12.1656 18.4776
0.54127 10.1176 11.826
0.304641 8.70461 19.998
0.0899871 18.1827 9.63755
0.304641 8.70461 19.998
0.54127 10.1176 11.826
0.548486 5.40985 18.8884
0.376746 15.5513 3.27599
0.335724 6.07423 22.5285
0.548486 5.40985 18.8884
0.612686 5.76827 17.0579
0.376746 15.5513 3.27599
0.0759545 17.9623 12.0954
0.335724 6.07423 22.5285
0.376746 15.5513 3.27599
0.0220034 18.3945 16.3138
0.0981676 4.90584 28.7103
1.17241 7.63284 1.47261
0.0220034 18.3945 16.3138
1.17241 7.63284 1.47261
0.8753 1.89335 17.2247
0.0560989 13.5714 21.107
1.28022 4.01181 6.27493
0.194446 17.6601 3.30341
0.314905 15.8718 5.00735
0 20 6.5625
0.31534 2.88219 26.4951
0.193798 16.1726 10.2924
0.961519 7.61711 6.33317
0.453325 12.7918 8.83476
0.8753 1.89335 17.2247
1.17241 7.63284 1.47261
1.49355 2.75969 4.35629
0.0899871 18.1827 9.63755
0.788899 9.138 7.39127
0.304641 8.70461 19.998
1.06033 8.04273 3.16631
0.304641 8.70461 19.998
0.788899 9.138 7.39127
0.788899 9.138 7.39127
0.0899871 18.1827 9.63755
1.31145 4.88522 4.06616
1.06033 8.04273 3.16631
0.788899 9.138 7.39127
0.337291 1.58801 27.4534
0.0244476 17.282 18.0902
0.337291 1.58801 27.4534
0.788899 9.138 7.39127
0.788899 9.138 7.39127
1.28022 4.01181 6.27493
0.0244476 17.282 18.0902
0.194446 17.6601 3.30341
1.52941 0 8.23529
1.64706 0 6.17647
0.194446 17.6601 3.30341
1.17088 2.12422 11.4335
1.52941 0 8.23529
0 20 4.375
0 20 6.5625
0.314905 15.8718 5.00735
0 20 4.375
0.314905 15.8718 5.00735
1.59098 3.08607 1.91745
1.59098 3.08607 1.91745
0.314905 15.8718 5.00735
0.0981676 4.90584 28.7103
0.314905 15.8718 5.00735
1.17241 7.63284 1.47261
0.0981676 4.90584 28.7103
0.314905 15.8718 5.00735
0.31534 2.88219 26.4951
1.49355 2.75969 4.35629
1.17241 7.63284 1.47261
0.314905 15.8718 5.00735
1.49355 2.75969 4.35629
0.8753 1.89335 17.2247
1.49355 2.75969 4.35629
1.30118 1.83747 9.46979
0.895456 7.41176 8.23097
1.30118 1.83747 9.46979
1.49355 2.75969 4.35629
0.895456 7.41176 8.23097
1.49355 2.75969 4.35629
0.31534 2.88219 26.4951
0.0899871 18.1827 9.63755
0.668861 8.36286 11.7716
1.31145 4.88522 4.06616
1.31145 4.88522 4.06616
0.668861 8.36286 11.7716
0.75561 11.0709 3.89223
0.75561 11.0709 3.89223
1.17088 2.12422 11.4335
1.31145 4.88522 4.06616
0.0899871 18.1827 9.63755
0.938535 9.64333 2.49117
0.668861 8.36286 11.7716
0.0899871 18.1827 9.63755
0.54127 10.1176 11.826
0.938535 9.64333 2.49117
0.668861 8.36286 11.7716
0.938535 9.64333 2.49117
0.41751 11.4823 12.7218
1 10 0
0.8 12 0
1.43424 1.41953 7.69993
1.2 8 0
1 10 0
1.43424 1.41953 7.69993
0.218674 16.4944 7.7378
1.06033 8.04273 3.16631
1.43424 1.41953 7.69993
1.43424 1.41953 7.69993
1.06033 8.04273 3.16631
0.337291 1.58801 27.4534
1.2 8 0
1.43424 1.41953 7.69993
0.337291 1.58801 27.4534
1.17088 2.12422 11.4335
0.194446 17.6601 3.30341
1.28022 4.01181 6.27493
1.17088 2.12422 11.4335
1.28022 4.01181 6.27493
1.31145 4.88522 4.06616
0.788899 9.138 7.39127
1.31145 4.88522 4.06616
1.28022 4.01181 6.27493
0.961519 7.61711 6.33317
0.189062 12.1656 18.4776
0.453325 12.7918 8.83476
0.189062 12.1656 18.4776
0.961519 7.61711 6.33317
0.54127 10.1176 11.826
0.54127 10.1176 11.826
0.961519 7.61711 6.33317
0.938535 9.64333 2.49117
1.61786 1.27126 4.61427
0.390363 10.2227 15.6525
0.189062 12.1656 18.4776
0.189062 12.1656 18.4776
0.218674 16.4944 7.7378
1.61786 1.27126 4.61427
1.43424 1.41953 7.69993
0.8 12 0
1.61786 1.27126 4.61427
1.61786 1.27126 4.61427
0.218674 16.4944 7.7378
1.43424 1.41953 7.69993
0.569146 3.20557 21.2845
0.429703 4.18302 22.8257
0.895456 7.41176 8.23097
0.361458 8.94397 18.2899
0.569146 3.20557 21.2845
0.895456 7.41176 8.23097
0.429703 4.18302 22.8257
0.423898 14.0124 6.64078
0.895456 7.41176 8.23097
1.41176 0 10.2941
0.4554 7.26421 18.4015
1.29412 0 12.3529
0.4554 7.26421 18.4015
0.104963 2.0087 31.303
0.75561 11.0709 3.89223
1.17088 2.12422 11.4335
0.75561 11.0709 3.89223
0.104963 2.0087 31.303
0.4554 7.26421 18.4015
1.41176 0 10.2941
0.104963 2.0087 31.303
1.41176 0 10.2941
1.52941 0 8.23529
0.104963 2.0087 31.303
0.104963 2.0087 31.303
1.52941 0 8.23529
1.17088 2.12422 11.4335
0 1.53846 33.6538
0 5.66286 0
0 3.07692 32.3077
0.0799406 15.5778 17.5064
0 5.66286 0
0.0484824 15.1704 19.5449
0.0799406 15.5778 17.5064
0 3.07692 32.3077
0 5.66286 0
0 5.66286 0
0.117647 0 32.9412
0.0484824 15.1704 19.5449
0.296814 5.24638 24.2916
0.0536266 17.8984 14.4043
0.176064 10.2906 21.2819
0.176064 10.2906 21.2819
0.0536266 17.8984 14.4043
0.548695 1.99246 23.1232
0.612686 5.76827 17.0579
0.823614 6.26104 11.8242
0.376746 15.5513 3.27599
0.376746 15.5513 3.27599
0.823614 6.26104 11.8242
0.0759545 17.9623 12.0954
0.117647 0 32.9412
0 5.66286 0
0 20 2.1875
0 20 2.1875
0 5.66286 0
-0.469641 8.29509 16.6109
0 5.66286 0
0 1.53846 33.6538
-0.469641 8.29509 16.6109
-0.6 14 0
0.4 16 0
0.6 14 0
-0.6 14 0
-0.4 16 0
0.4 16 0
-1.88235 0 2.05882
0 0 35
1.88235 0 2.05882
-0.8 12 0
-0.6 14 0
0.8 12 0
-0.6 14 0
0.6 14 0
0.8 12 0
0.4 16 0
-0.4 16 0
0.2 18 0
0.2 18 0
-0.4 16 0
-0.2 18 0
1.88235 0 2.05882
0.2 18 0
-1.88235 0 2.05882
-1.88235 0 2.05882
0.2 18 0
-0.2 18 0
1.2 8 0
1.4 6 0
0 9 0
-1.4 6 0
-1.2 8 0
0 9 0
0.8 12 0
1 10 0
0 2.52327 0
-1 10 0
-0.8 12 0
0 2.52327 0
0.8 12 0
0 2.52327 0
-0.8 12 0
-1 10 0
0 2.52327 0
1 10 0
-1.4 6 0
0 9 0
0 0 0
1.4 6 0
0 0 0
0 9 0
1.4 6 0
1.6 4 0
0 0 0
-1.4 6 0
0 0 0
-1.6 4 0
1 10 0
1.2 8 0
0 9 0
-1.2 8 0
-1 10 0
0 9 0
1 10 0
0 9 0
-1 10 0
0 20 0
2 0 0
0 0 0
2 0 0
-1.6 4 0
0 0 0
0 20 0
0 0 0
1.6 4 0
Вычисление проекций: .............................................................................................................................................................................................................................................................................................................................................................
